350 900 -30 0 50 Grass
1100 900 30 0 50
1100 1224 30 0 0
350 1224 -30 0 0
884 614 100 -250 300 Tallest Tower Front on the left
934 614 100 -250 250
934 775 100 0 250
884 775 100 0 300
884 614 150 -250 250 Tallest Tower Front on the right
934 614 150 -250 300
934 775 150 0 300
884 775 150 0 250
884 614 100 -250 250 Tallest Tower Front at the back
934 614 150 -250 250
934 775 150 0 250
884 775 100 0 250
838 815 10 -20 100 Right building beside pagoda
966 815 50 -20 100
966 859 50 0 100
838 859 10 0 100
563 818 -50 -20 100 Left building beside pagoda
702 818 -10 -20 100
702 851 -10 0 100
563 851 -50 0 100
705 785 -10 -20 60 Middle pagoda left pillar left face
750 785 -10 -20 50
750 853 -10 0 50
705 853 -10 0 60
705 785 -5 -20 50 Middle pagoda left pillar right face
750 785 -5 -20 60
750 853 -5 0 60
705 853 -5 0 50
793 787 5 -20 60 Middle pagoda right pillar left face
835 787 5 -20 50
835 855 5 0 50
793 855 5 0 60
793 787 10 -20 50 Middle pagoda right pillar right face
835 787 10 -20 60
835 855 10 0 60
793 855 10 0 50
705 785 -10 -20 50 Middle pagoda left pillar
750 785 -5 -20 50
750 853 -5 0 50
705 853 -10 0 50
793 787 5 -20 50 Middle pagoda right pillar
835 787 10 -20 50
835 855 10 0 50
793 855 5 0 50
747 668 -5 -50 70 Taller tower behind pagoda
800 668 5 -50 70
800 740 5 -30 70
747 740 -5 -30 70
1175 699 60 -30 40 Right building without trees left
1240 682 60 -30 30
1240 888 60 0 30
1175 875 60 0 40
1175 699 60 -30 30 Right building without trees front
1240 682 80 -30 30
1240 888 80 0 30
1175 875 60 0 30
984 772 25 -20 40 right stairs block
1133 772 35 -20 40
1133 872 35 0 40
984 872 25 0 40